(kicad_pcb (version 20171130) (host pcbnew "(5.1.9)-1")

  (general
    (thickness 1.6)
    (drawings 8)
    (tracks 8)
    (zones 0)
    (modules 80)
    (nets 141)
  )

  (page A4)
  (layers
    (0 Front signal)
    (1 Ground power)
    (2 +3.3V power)
    (31 Back signal)
    (32 B.Adhes user)
    (33 F.Adhes user)
    (34 B.Paste user)
    (35 F.Paste user)
    (36 B.SilkS user)
    (37 F.SilkS user hide)
    (38 B.Mask user)
    (39 F.Mask user)
    (40 Dwgs.User user)
    (41 Cmts.User user)
    (42 Eco1.User user)
    (43 Eco2.User user)
    (44 Edge.Cuts user)
    (45 Margin user)
    (46 B.CrtYd user)
    (47 F.CrtYd user)
    (48 B.Fab user hide)
    (49 F.Fab user hide)
  )

  (setup
    (last_trace_width 0.254)
    (trace_clearance 0.254)
    (zone_clearance 0.508)
    (zone_45_only no)
    (trace_min 0.2)
    (via_size 0.8)
    (via_drill 0.4)
    (via_min_size 0.4)
    (via_min_drill 0.3)
    (uvia_size 0.3)
    (uvia_drill 0.1)
    (uvias_allowed no)
    (uvia_min_size 0.2)
    (uvia_min_drill 0.1)
    (edge_width 0.05)
    (segment_width 0.2)
    (pcb_text_width 0.3)
    (pcb_text_size 1.5 1.5)
    (mod_edge_width 0.12)
    (mod_text_size 1 1)
    (mod_text_width 0.15)
    (pad_size 1.524 1.524)
    (pad_drill 0.762)
    (pad_to_mask_clearance 0)
    (aux_axis_origin 0 0)
    (visible_elements 7EFFF7FF)
    (pcbplotparams
      (layerselection 0x010fc_ffffffff)
      (usegerberextensions false)
      (usegerberattributes true)
      (usegerberadvancedattributes true)
      (creategerberjobfile true)
      (excludeedgelayer true)
      (linewidth 0.100000)
      (plotframeref false)
      (viasonmask false)
      (mode 1)
      (useauxorigin false)
      (hpglpennumber 1)
      (hpglpenspeed 20)
      (hpglpendiameter 15.000000)
      (psnegative false)
      (psa4output false)
      (plotreference true)
      (plotvalue true)
      (plotinvisibletext false)
      (padsonsilk false)
      (subtractmaskfromsilk false)
      (outputformat 1)
      (mirror false)
      (drillshape 1)
      (scaleselection 1)
      (outputdirectory ""))
  )

  (net 0 "")
  (net 1 Network_Connect)
  (net 2 GND)
  (net 3 ZigBee_Connect)
  (net 4 Check_Error)
  (net 5 /BeagleBone_Headers/BeagleBone_Reset)
  (net 6 +3V3)
  (net 7 "Net-(C7-Pad1)")
  (net 8 VDDR)
  (net 9 "Net-(C12-Pad1)")
  (net 10 "Net-(C14-Pad1)")
  (net 11 "Net-(C15-Pad1)")
  (net 12 /ZigBeeFiltering/RX_TX)
  (net 13 /ZigBeeFiltering/2_4_GHZ_RF_N)
  (net 14 /ZigBeeFiltering/2_4_GHZ_RF_P)
  (net 15 "Net-(C19-Pad2)")
  (net 16 "Net-(C20-Pad1)")
  (net 17 "Net-(C20-Pad2)")
  (net 18 "Net-(C21-Pad1)")
  (net 19 "Net-(C24-Pad2)")
  (net 20 "Net-(C25-Pad1)")
  (net 21 "Net-(C26-Pad2)")
  (net 22 "Net-(C28-Pad1)")
  (net 23 "Net-(C29-Pad2)")
  (net 24 "Net-(C30-Pad2)")
  (net 25 "Net-(C30-Pad1)")
  (net 26 "Net-(C31-Pad1)")
  (net 27 "Net-(C32-Pad1)")
  (net 28 "Net-(AE1-Pad1)")
  (net 29 "Net-(D1-Pad1)")
  (net 30 Aux_1)
  (net 31 Aux_2)
  (net 32 "Net-(D2-Pad1)")
  (net 33 "Net-(D3-Pad1)")
  (net 34 Cape_HeartBeat)
  (net 35 ZigBee_HeartBeat)
  (net 36 "Net-(D4-Pad1)")
  (net 37 Lan_HeartBeat)
  (net 38 "Net-(D5-Pad1)")
  (net 39 "Net-(D6-Pad1)")
  (net 40 "Net-(J1-Pad2)")
  (net 41 "Net-(J1-Pad4)")
  (net 42 "Net-(J1-Pad6)")
  (net 43 "Net-(J1-Pad7)")
  (net 44 "Net-(J1-Pad8)")
  (net 45 DCDC_SW)
  (net 46 /ZigBeeFiltering/SUB-1_GHZ_RF_P)
  (net 47 /ZigBeeFiltering/SUB-1_GHZ_RF_N)
  (net 48 I2C2_SDA)
  (net 49 I2C2_SCL)
  (net 50 UART_RX)
  (net 51 UART_TX)
  (net 52 SPI_MISO)
  (net 53 SPI_MOSI)
  (net 54 SPI_CS)
  (net 55 SPI_CLK)
  (net 56 "Net-(U1-Pad15)")
  (net 57 "Net-(U1-Pad16)")
  (net 58 "Net-(U1-Pad17)")
  (net 59 "Net-(U1-Pad18)")
  (net 60 "Net-(U1-Pad19)")
  (net 61 "Net-(U1-Pad37)")
  (net 62 "Net-(U1-Pad38)")
  (net 63 "Net-(U1-Pad39)")
  (net 64 "Net-(U1-Pad40)")
  (net 65 "Net-(U1-Pad41)")
  (net 66 "Net-(U1-Pad42)")
  (net 67 "Net-(U1-Pad43)")
  (net 68 "Net-(U1-Pad46)")
  (net 69 "Net-(U1-Pad47)")
  (net 70 "Net-(U4-Pad46)")
  (net 71 "Net-(U4-Pad45)")
  (net 72 "Net-(U4-Pad44)")
  (net 73 "Net-(U4-Pad43)")
  (net 74 "Net-(U4-Pad42)")
  (net 75 "Net-(U4-Pad41)")
  (net 76 "Net-(U4-Pad40)")
  (net 77 "Net-(U4-Pad39)")
  (net 78 "Net-(U4-Pad38)")
  (net 79 "Net-(U4-Pad37)")
  (net 80 "Net-(U4-Pad36)")
  (net 81 "Net-(U4-Pad35)")
  (net 82 "Net-(U4-Pad34)")
  (net 83 "Net-(U4-Pad33)")
  (net 84 "Net-(U4-Pad32)")
  (net 85 "Net-(U4-Pad31)")
  (net 86 "Net-(U4-Pad30)")
  (net 87 "Net-(U4-Pad29)")
  (net 88 "Net-(U4-Pad28)")
  (net 89 "Net-(U4-Pad27)")
  (net 90 "Net-(U4-Pad26)")
  (net 91 "Net-(U4-Pad25)")
  (net 92 "Net-(U4-Pad24)")
  (net 93 "Net-(U4-Pad23)")
  (net 94 "Net-(U4-Pad22)")
  (net 95 "Net-(U4-Pad21)")
  (net 96 "Net-(U4-Pad20)")
  (net 97 "Net-(U4-Pad19)")
  (net 98 "Net-(U4-Pad18)")
  (net 99 "Net-(U4-Pad17)")
  (net 100 "Net-(U4-Pad16)")
  (net 101 "Net-(U4-Pad15)")
  (net 102 "Net-(U4-Pad14)")
  (net 103 "Net-(U4-Pad13)")
  (net 104 "Net-(U4-Pad12)")
  (net 105 "Net-(U4-Pad11)")
  (net 106 "Net-(U4-Pad10)")
  (net 107 "Net-(U4-Pad9)")
  (net 108 "Net-(U4-Pad8)")
  (net 109 "Net-(U4-Pad7)")
  (net 110 "Net-(U4-Pad6)")
  (net 111 "Net-(U4-Pad5)")
  (net 112 "Net-(U4-Pad4)")
  (net 113 "Net-(U4-Pad3)")
  (net 114 "Net-(U5-Pad5)")
  (net 115 "Net-(U5-Pad6)")
  (net 116 "Net-(U5-Pad7)")
  (net 117 "Net-(U5-Pad8)")
  (net 118 "Net-(U5-Pad9)")
  (net 119 "Net-(U5-Pad11)")
  (net 120 "Net-(U5-Pad12)")
  (net 121 "Net-(U5-Pad13)")
  (net 122 "Net-(U5-Pad14)")
  (net 123 "Net-(U5-Pad16)")
  (net 124 "Net-(U5-Pad23)")
  (net 125 "Net-(U5-Pad25)")
  (net 126 "Net-(U5-Pad27)")
  (net 127 "Net-(U5-Pad28)")
  (net 128 "Net-(U5-Pad29)")
  (net 129 "Net-(U5-Pad30)")
  (net 130 "Net-(U5-Pad31)")
  (net 131 "Net-(U5-Pad32)")
  (net 132 "Net-(U5-Pad33)")
  (net 133 "Net-(U5-Pad34)")
  (net 134 "Net-(U5-Pad35)")
  (net 135 "Net-(U5-Pad36)")
  (net 136 "Net-(U5-Pad37)")
  (net 137 "Net-(U5-Pad38)")
  (net 138 "Net-(U5-Pad39)")
  (net 139 "Net-(U5-Pad40)")
  (net 140 "Net-(U5-Pad42)")

  (net_class Default "This is the default net class."
    (clearance 0.254)
    (trace_width 0.254)
    (via_dia 0.8)
    (via_drill 0.4)
    (uvia_dia 0.3)
    (uvia_drill 0.1)
    (add_net +3V3)
    (add_net /BeagleBone_Headers/BeagleBone_Reset)
    (add_net /ZigBeeFiltering/2_4_GHZ_RF_N)
    (add_net /ZigBeeFiltering/2_4_GHZ_RF_P)
    (add_net /ZigBeeFiltering/RX_TX)
    (add_net /ZigBeeFiltering/SUB-1_GHZ_RF_N)
    (add_net /ZigBeeFiltering/SUB-1_GHZ_RF_P)
    (add_net Aux_1)
    (add_net Aux_2)
    (add_net Cape_HeartBeat)
    (add_net Check_Error)
    (add_net DCDC_SW)
    (add_net GND)
    (add_net I2C2_SCL)
    (add_net I2C2_SDA)
    (add_net Lan_HeartBeat)
    (add_net "Net-(AE1-Pad1)")
    (add_net "Net-(C12-Pad1)")
    (add_net "Net-(C14-Pad1)")
    (add_net "Net-(C15-Pad1)")
    (add_net "Net-(C19-Pad2)")
    (add_net "Net-(C20-Pad1)")
    (add_net "Net-(C20-Pad2)")
    (add_net "Net-(C21-Pad1)")
    (add_net "Net-(C24-Pad2)")
    (add_net "Net-(C25-Pad1)")
    (add_net "Net-(C26-Pad2)")
    (add_net "Net-(C28-Pad1)")
    (add_net "Net-(C29-Pad2)")
    (add_net "Net-(C30-Pad1)")
    (add_net "Net-(C30-Pad2)")
    (add_net "Net-(C31-Pad1)")
    (add_net "Net-(C32-Pad1)")
    (add_net "Net-(C7-Pad1)")
    (add_net "Net-(D1-Pad1)")
    (add_net "Net-(D2-Pad1)")
    (add_net "Net-(D3-Pad1)")
    (add_net "Net-(D4-Pad1)")
    (add_net "Net-(D5-Pad1)")
    (add_net "Net-(D6-Pad1)")
    (add_net "Net-(J1-Pad2)")
    (add_net "Net-(J1-Pad4)")
    (add_net "Net-(J1-Pad6)")
    (add_net "Net-(J1-Pad7)")
    (add_net "Net-(J1-Pad8)")
    (add_net "Net-(U1-Pad15)")
    (add_net "Net-(U1-Pad16)")
    (add_net "Net-(U1-Pad17)")
    (add_net "Net-(U1-Pad18)")
    (add_net "Net-(U1-Pad19)")
    (add_net "Net-(U1-Pad37)")
    (add_net "Net-(U1-Pad38)")
    (add_net "Net-(U1-Pad39)")
    (add_net "Net-(U1-Pad40)")
    (add_net "Net-(U1-Pad41)")
    (add_net "Net-(U1-Pad42)")
    (add_net "Net-(U1-Pad43)")
    (add_net "Net-(U1-Pad46)")
    (add_net "Net-(U1-Pad47)")
    (add_net "Net-(U4-Pad10)")
    (add_net "Net-(U4-Pad11)")
    (add_net "Net-(U4-Pad12)")
    (add_net "Net-(U4-Pad13)")
    (add_net "Net-(U4-Pad14)")
    (add_net "Net-(U4-Pad15)")
    (add_net "Net-(U4-Pad16)")
    (add_net "Net-(U4-Pad17)")
    (add_net "Net-(U4-Pad18)")
    (add_net "Net-(U4-Pad19)")
    (add_net "Net-(U4-Pad20)")
    (add_net "Net-(U4-Pad21)")
    (add_net "Net-(U4-Pad22)")
    (add_net "Net-(U4-Pad23)")
    (add_net "Net-(U4-Pad24)")
    (add_net "Net-(U4-Pad25)")
    (add_net "Net-(U4-Pad26)")
    (add_net "Net-(U4-Pad27)")
    (add_net "Net-(U4-Pad28)")
    (add_net "Net-(U4-Pad29)")
    (add_net "Net-(U4-Pad3)")
    (add_net "Net-(U4-Pad30)")
    (add_net "Net-(U4-Pad31)")
    (add_net "Net-(U4-Pad32)")
    (add_net "Net-(U4-Pad33)")
    (add_net "Net-(U4-Pad34)")
    (add_net "Net-(U4-Pad35)")
    (add_net "Net-(U4-Pad36)")
    (add_net "Net-(U4-Pad37)")
    (add_net "Net-(U4-Pad38)")
    (add_net "Net-(U4-Pad39)")
    (add_net "Net-(U4-Pad4)")
    (add_net "Net-(U4-Pad40)")
    (add_net "Net-(U4-Pad41)")
    (add_net "Net-(U4-Pad42)")
    (add_net "Net-(U4-Pad43)")
    (add_net "Net-(U4-Pad44)")
    (add_net "Net-(U4-Pad45)")
    (add_net "Net-(U4-Pad46)")
    (add_net "Net-(U4-Pad5)")
    (add_net "Net-(U4-Pad6)")
    (add_net "Net-(U4-Pad7)")
    (add_net "Net-(U4-Pad8)")
    (add_net "Net-(U4-Pad9)")
    (add_net "Net-(U5-Pad11)")
    (add_net "Net-(U5-Pad12)")
    (add_net "Net-(U5-Pad13)")
    (add_net "Net-(U5-Pad14)")
    (add_net "Net-(U5-Pad16)")
    (add_net "Net-(U5-Pad23)")
    (add_net "Net-(U5-Pad25)")
    (add_net "Net-(U5-Pad27)")
    (add_net "Net-(U5-Pad28)")
    (add_net "Net-(U5-Pad29)")
    (add_net "Net-(U5-Pad30)")
    (add_net "Net-(U5-Pad31)")
    (add_net "Net-(U5-Pad32)")
    (add_net "Net-(U5-Pad33)")
    (add_net "Net-(U5-Pad34)")
    (add_net "Net-(U5-Pad35)")
    (add_net "Net-(U5-Pad36)")
    (add_net "Net-(U5-Pad37)")
    (add_net "Net-(U5-Pad38)")
    (add_net "Net-(U5-Pad39)")
    (add_net "Net-(U5-Pad40)")
    (add_net "Net-(U5-Pad42)")
    (add_net "Net-(U5-Pad5)")
    (add_net "Net-(U5-Pad6)")
    (add_net "Net-(U5-Pad7)")
    (add_net "Net-(U5-Pad8)")
    (add_net "Net-(U5-Pad9)")
    (add_net Network_Connect)
    (add_net SPI_CLK)
    (add_net SPI_CS)
    (add_net SPI_MISO)
    (add_net SPI_MOSI)
    (add_net UART_RX)
    (add_net UART_TX)
    (add_net VDDR)
    (add_net ZigBee_Connect)
    (add_net ZigBee_HeartBeat)
  )

  (module Connector_PinHeader_2.54mm:PinHeader_2x23_P2.54mm_Vertical (layer Front) (tedit 60D7E598) (tstamp 60D7EAE2)
    (at 31.75 -51.435 90)
    (descr "Through hole straight pin header, 2x23, 2.54mm pitch, double rows")
    (tags "Through hole pin header THT 2x23 2.54mm double row")
    (path /6087B849/609FD186)
    (fp_text reference U4 (at 0 -30.27 90) (layer F.SilkS)
      (effects (font (size 1 1) (thickness 0.15)))
    )
    (fp_text value BeagleBone_P8 (at 3.937 -17.78 180) (layer F.Fab)
      (effects (font (size 1 1) (thickness 0.15)))
    )
    (fp_text user %R (at 0 0 180) (layer F.Fab)
      (effects (font (size 1 1) (thickness 0.15)))
    )
    (fp_line (start -1.27 -29.21) (end 2.54 -29.21) (layer F.Fab) (width 0.1))
    (fp_line (start 2.54 -29.21) (end 2.54 29.21) (layer F.Fab) (width 0.1))
    (fp_line (start 2.54 29.21) (end -2.54 29.21) (layer F.Fab) (width 0.1))
    (fp_line (start -2.54 29.21) (end -2.54 -27.94) (layer F.Fab) (width 0.1))
    (fp_line (start -2.54 -27.94) (end -1.27 -29.21) (layer F.Fab) (width 0.1))
    (fp_line (start -2.6 29.27) (end 2.6 29.27) (layer F.SilkS) (width 0.12))
    (fp_line (start -2.6 -26.67) (end -2.6 29.27) (layer F.SilkS) (width 0.12))
    (fp_line (start 2.6 -29.27) (end 2.6 29.27) (layer F.SilkS) (width 0.12))
    (fp_line (start -2.6 -26.67) (end 0 -26.67) (layer F.SilkS) (width 0.12))
    (fp_line (start 0 -26.67) (end 0 -29.27) (layer F.SilkS) (width 0.12))
    (fp_line (start 0 -29.27) (end 2.6 -29.27) (layer F.SilkS) (width 0.12))
    (fp_line (start -2.6 -27.94) (end -2.6 -29.27) (layer F.SilkS) (width 0.12))
    (fp_line (start -2.6 -29.27) (end -1.27 -29.27) (layer F.SilkS) (width 0.12))
    (fp_line (start -3.07 -29.74) (end -3.07 29.71) (layer F.CrtYd) (width 0.05))
    (fp_line (start -3.07 29.71) (end 3.08 29.71) (layer F.CrtYd) (width 0.05))
    (fp_line (start 3.08 29.71) (end 3.08 -29.74) (layer F.CrtYd) (width 0.05))
    (fp_line (start 3.08 -29.74) (end -3.07 -29.74) (layer F.CrtYd) (width 0.05))
    (pad 46 thru_hole oval (at 1.27 27.94 90) (size 1.7 1.7) (drill 1) (layers *.Cu *.Mask)
      (net 70 "Net-(U4-Pad46)"))
    (pad 45 thru_hole oval (at -1.27 27.94 90) (size 1.7 1.7) (drill 1) (layers *.Cu *.Mask)
      (net 71 "Net-(U4-Pad45)"))
    (pad 44 thru_hole oval (at 1.27 25.4 90) (size 1.7 1.7) (drill 1) (layers *.Cu *.Mask)
      (net 72 "Net-(U4-Pad44)"))
    (pad 43 thru_hole oval (at -1.27 25.4 90) (size 1.7 1.7) (drill 1) (layers *.Cu *.Mask)
      (net 73 "Net-(U4-Pad43)"))
    (pad 42 thru_hole oval (at 1.27 22.86 90) (size 1.7 1.7) (drill 1) (layers *.Cu *.Mask)
      (net 74 "Net-(U4-Pad42)"))
    (pad 41 thru_hole oval (at -1.27 22.86 90) (size 1.7 1.7) (drill 1) (layers *.Cu *.Mask)
      (net 75 "Net-(U4-Pad41)"))
    (pad 40 thru_hole oval (at 1.27 20.32 90) (size 1.7 1.7) (drill 1) (layers *.Cu *.Mask)
      (net 76 "Net-(U4-Pad40)"))
    (pad 39 thru_hole oval (at -1.27 20.32 90) (size 1.7 1.7) (drill 1) (layers *.Cu *.Mask)
      (net 77 "Net-(U4-Pad39)"))
    (pad 38 thru_hole oval (at 1.27 17.78 90) (size 1.7 1.7) (drill 1) (layers *.Cu *.Mask)
      (net 78 "Net-(U4-Pad38)"))
    (pad 37 thru_hole oval (at -1.27 17.78 90) (size 1.7 1.7) (drill 1) (layers *.Cu *.Mask)
      (net 79 "Net-(U4-Pad37)"))
    (pad 36 thru_hole oval (at 1.27 15.24 90) (size 1.7 1.7) (drill 1) (layers *.Cu *.Mask)
      (net 80 "Net-(U4-Pad36)"))
    (pad 35 thru_hole oval (at -1.27 15.24 90) (size 1.7 1.7) (drill 1) (layers *.Cu *.Mask)
      (net 81 "Net-(U4-Pad35)"))
    (pad 34 thru_hole oval (at 1.27 12.7 90) (size 1.7 1.7) (drill 1) (layers *.Cu *.Mask)
      (net 82 "Net-(U4-Pad34)"))
    (pad 33 thru_hole oval (at -1.27 12.7 90) (size 1.7 1.7) (drill 1) (layers *.Cu *.Mask)
      (net 83 "Net-(U4-Pad33)"))
    (pad 32 thru_hole oval (at 1.27 10.16 90) (size 1.7 1.7) (drill 1) (layers *.Cu *.Mask)
      (net 84 "Net-(U4-Pad32)"))
    (pad 31 thru_hole oval (at -1.27 10.16 90) (size 1.7 1.7) (drill 1) (layers *.Cu *.Mask)
      (net 85 "Net-(U4-Pad31)"))
    (pad 30 thru_hole oval (at 1.27 7.62 90) (size 1.7 1.7) (drill 1) (layers *.Cu *.Mask)
      (net 86 "Net-(U4-Pad30)"))
    (pad 29 thru_hole oval (at -1.27 7.62 90) (size 1.7 1.7) (drill 1) (layers *.Cu *.Mask)
      (net 87 "Net-(U4-Pad29)"))
    (pad 28 thru_hole oval (at 1.27 5.08 90) (size 1.7 1.7) (drill 1) (layers *.Cu *.Mask)
      (net 88 "Net-(U4-Pad28)"))
    (pad 27 thru_hole oval (at -1.27 5.08 90) (size 1.7 1.7) (drill 1) (layers *.Cu *.Mask)
      (net 89 "Net-(U4-Pad27)"))
    (pad 26 thru_hole oval (at 1.27 2.54 90) (size 1.7 1.7) (drill 1) (layers *.Cu *.Mask)
      (net 90 "Net-(U4-Pad26)"))
    (pad 25 thru_hole oval (at -1.27 2.54 90) (size 1.7 1.7) (drill 1) (layers *.Cu *.Mask)
      (net 91 "Net-(U4-Pad25)"))
    (pad 24 thru_hole oval (at 1.27 0 90) (size 1.7 1.7) (drill 1) (layers *.Cu *.Mask)
      (net 92 "Net-(U4-Pad24)"))
    (pad 23 thru_hole oval (at -1.27 0 90) (size 1.7 1.7) (drill 1) (layers *.Cu *.Mask)
      (net 93 "Net-(U4-Pad23)"))
    (pad 22 thru_hole oval (at 1.27 -2.54 90) (size 1.7 1.7) (drill 1) (layers *.Cu *.Mask)
      (net 94 "Net-(U4-Pad22)"))
    (pad 21 thru_hole oval (at -1.27 -2.54 90) (size 1.7 1.7) (drill 1) (layers *.Cu *.Mask)
      (net 95 "Net-(U4-Pad21)"))
    (pad 20 thru_hole oval (at 1.27 -5.08 90) (size 1.7 1.7) (drill 1) (layers *.Cu *.Mask)
      (net 96 "Net-(U4-Pad20)"))
    (pad 19 thru_hole oval (at -1.27 -5.08 90) (size 1.7 1.7) (drill 1) (layers *.Cu *.Mask)
      (net 97 "Net-(U4-Pad19)"))
    (pad 18 thru_hole oval (at 1.27 -7.62 90) (size 1.7 1.7) (drill 1) (layers *.Cu *.Mask)
      (net 98 "Net-(U4-Pad18)"))
    (pad 17 thru_hole oval (at -1.27 -7.62 90) (size 1.7 1.7) (drill 1) (layers *.Cu *.Mask)
      (net 99 "Net-(U4-Pad17)"))
    (pad 16 thru_hole oval (at 1.27 -10.16 90) (size 1.7 1.7) (drill 1) (layers *.Cu *.Mask)
      (net 100 "Net-(U4-Pad16)"))
    (pad 15 thru_hole oval (at -1.27 -10.16 90) (size 1.7 1.7) (drill 1) (layers *.Cu *.Mask)
      (net 101 "Net-(U4-Pad15)"))
    (pad 14 thru_hole oval (at 1.27 -12.7 90) (size 1.7 1.7) (drill 1) (layers *.Cu *.Mask)
      (net 102 "Net-(U4-Pad14)"))
    (pad 13 thru_hole oval (at -1.27 -12.7 90) (size 1.7 1.7) (drill 1) (layers *.Cu *.Mask)
      (net 103 "Net-(U4-Pad13)"))
    (pad 12 thru_hole oval (at 1.27 -15.24 90) (size 1.7 1.7) (drill 1) (layers *.Cu *.Mask)
      (net 104 "Net-(U4-Pad12)"))
    (pad 11 thru_hole oval (at -1.27 -15.24 90) (size 1.7 1.7) (drill 1) (layers *.Cu *.Mask)
      (net 105 "Net-(U4-Pad11)"))
    (pad 10 thru_hole oval (at 1.27 -17.78 90) (size 1.7 1.7) (drill 1) (layers *.Cu *.Mask)
      (net 106 "Net-(U4-Pad10)"))
    (pad 9 thru_hole oval (at -1.27 -17.78 90) (size 1.7 1.7) (drill 1) (layers *.Cu *.Mask)
      (net 107 "Net-(U4-Pad9)"))
    (pad 8 thru_hole oval (at 1.27 -20.32 90) (size 1.7 1.7) (drill 1) (layers *.Cu *.Mask)
      (net 108 "Net-(U4-Pad8)"))
    (pad 7 thru_hole oval (at -1.27 -20.32 90) (size 1.7 1.7) (drill 1) (layers *.Cu *.Mask)
      (net 109 "Net-(U4-Pad7)"))
    (pad 6 thru_hole oval (at 1.27 -22.86 90) (size 1.7 1.7) (drill 1) (layers *.Cu *.Mask)
      (net 110 "Net-(U4-Pad6)"))
    (pad 5 thru_hole oval (at -1.27 -22.86 90) (size 1.7 1.7) (drill 1) (layers *.Cu *.Mask)
      (net 111 "Net-(U4-Pad5)"))
    (pad 4 thru_hole oval (at 1.27 -25.4 90) (size 1.7 1.7) (drill 1) (layers *.Cu *.Mask)
      (net 112 "Net-(U4-Pad4)"))
    (pad 3 thru_hole oval (at -1.27 -25.4 90) (size 1.7 1.7) (drill 1) (layers *.Cu *.Mask)
      (net 113 "Net-(U4-Pad3)"))
    (pad 2 thru_hole oval (at 1.27 -27.94 90) (size 1.7 1.7) (drill 1) (layers *.Cu *.Mask)
      (net 2 GND))
    (pad 1 thru_hole rect (at -1.27 -27.94 90) (size 1.7 1.7) (drill 1) (layers *.Cu *.Mask)
      (net 2 GND))
    (model ${KISYS3DMOD}/Connector_PinHeader_2.54mm.3dshapes/PinHeader_2x23_P2.54mm_Vertical.wrl
      (at (xyz 0 0 0))
      (scale (xyz 1 1 1))
      (rotate (xyz 0 0 0))
    )
  )

  (module Connector_PinHeader_2.54mm:PinHeader_2x23_P2.54mm_Vertical (layer Front) (tedit 60D7E559) (tstamp 60D7EB26)
    (at 31.75 -3.175 90)
    (descr "Through hole straight pin header, 2x23, 2.54mm pitch, double rows")
    (tags "Through hole pin header THT 2x23 2.54mm double row")
    (path /6087B849/609FDC70)
    (fp_text reference U5 (at 0 -30.27 90) (layer F.SilkS)
      (effects (font (size 1 1) (thickness 0.15)))
    )
    (fp_text value BeagleBone_P9 (at 0 30.27 90) (layer F.Fab)
      (effects (font (size 1 1) (thickness 0.15)))
    )
    (fp_line (start 3.08 -29.74) (end -3.07 -29.74) (layer F.CrtYd) (width 0.05))
    (fp_line (start 3.08 29.71) (end 3.08 -29.74) (layer F.CrtYd) (width 0.05))
    (fp_line (start -3.07 29.71) (end 3.08 29.71) (layer F.CrtYd) (width 0.05))
    (fp_line (start -3.07 -29.74) (end -3.07 29.71) (layer F.CrtYd) (width 0.05))
    (fp_line (start -2.6 -29.27) (end -1.27 -29.27) (layer F.SilkS) (width 0.12))
    (fp_line (start -2.6 -27.94) (end -2.6 -29.27) (layer F.SilkS) (width 0.12))
    (fp_line (start 0 -29.27) (end 2.6 -29.27) (layer F.SilkS) (width 0.12))
    (fp_line (start 0 -26.67) (end 0 -29.27) (layer F.SilkS) (width 0.12))
    (fp_line (start -2.6 -26.67) (end 0 -26.67) (layer F.SilkS) (width 0.12))
    (fp_line (start 2.6 -29.27) (end 2.6 29.27) (layer F.SilkS) (width 0.12))
    (fp_line (start -2.6 -26.67) (end -2.6 29.27) (layer F.SilkS) (width 0.12))
    (fp_line (start -2.6 29.27) (end 2.6 29.27) (layer F.SilkS) (width 0.12))
    (fp_line (start -2.54 -27.94) (end -1.27 -29.21) (layer F.Fab) (width 0.1))
    (fp_line (start -2.54 29.21) (end -2.54 -27.94) (layer F.Fab) (width 0.1))
    (fp_line (start 2.54 29.21) (end -2.54 29.21) (layer F.Fab) (width 0.1))
    (fp_line (start 2.54 -29.21) (end 2.54 29.21) (layer F.Fab) (width 0.1))
    (fp_line (start -1.27 -29.21) (end 2.54 -29.21) (layer F.Fab) (width 0.1))
    (fp_text user %R (at 0 0) (layer F.Fab)
      (effects (font (size 1 1) (thickness 0.15)))
    )
    (pad 1 thru_hole rect (at -1.27 -27.94 90) (size 1.7 1.7) (drill 1) (layers *.Cu *.Mask)
      (net 2 GND))
    (pad 2 thru_hole oval (at 1.27 -27.94 90) (size 1.7 1.7) (drill 1) (layers *.Cu *.Mask)
      (net 2 GND))
    (pad 3 thru_hole oval (at -1.27 -25.4 90) (size 1.7 1.7) (drill 1) (layers *.Cu *.Mask)
      (net 6 +3V3))
    (pad 4 thru_hole oval (at 1.27 -25.4 90) (size 1.7 1.7) (drill 1) (layers *.Cu *.Mask)
      (net 6 +3V3))
    (pad 5 thru_hole oval (at -1.27 -22.86 90) (size 1.7 1.7) (drill 1) (layers *.Cu *.Mask)
      (net 114 "Net-(U5-Pad5)"))
    (pad 6 thru_hole oval (at 1.27 -22.86 90) (size 1.7 1.7) (drill 1) (layers *.Cu *.Mask)
      (net 115 "Net-(U5-Pad6)"))
    (pad 7 thru_hole oval (at -1.27 -20.32 90) (size 1.7 1.7) (drill 1) (layers *.Cu *.Mask)
      (net 116 "Net-(U5-Pad7)"))
    (pad 8 thru_hole oval (at 1.27 -20.32 90) (size 1.7 1.7) (drill 1) (layers *.Cu *.Mask)
      (net 117 "Net-(U5-Pad8)"))
    (pad 9 thru_hole oval (at -1.27 -17.78 90) (size 1.7 1.7) (drill 1) (layers *.Cu *.Mask)
      (net 118 "Net-(U5-Pad9)"))
    (pad 10 thru_hole oval (at 1.27 -17.78 90) (size 1.7 1.7) (drill 1) (layers *.Cu *.Mask)
      (net 5 /BeagleBone_Headers/BeagleBone_Reset))
    (pad 11 thru_hole oval (at -1.27 -15.24 90) (size 1.7 1.7) (drill 1) (layers *.Cu *.Mask)
      (net 119 "Net-(U5-Pad11)"))
    (pad 12 thru_hole oval (at 1.27 -15.24 90) (size 1.7 1.7) (drill 1) (layers *.Cu *.Mask)
      (net 120 "Net-(U5-Pad12)"))
    (pad 13 thru_hole oval (at -1.27 -12.7 90) (size 1.7 1.7) (drill 1) (layers *.Cu *.Mask)
      (net 121 "Net-(U5-Pad13)"))
    (pad 14 thru_hole oval (at 1.27 -12.7 90) (size 1.7 1.7) (drill 1) (layers *.Cu *.Mask)
      (net 122 "Net-(U5-Pad14)"))
    (pad 15 thru_hole oval (at -1.27 -10.16 90) (size 1.7 1.7) (drill 1) (layers *.Cu *.Mask)
      (net 1 Network_Connect))
    (pad 16 thru_hole oval (at 1.27 -10.16 90) (size 1.7 1.7) (drill 1) (layers *.Cu *.Mask)
      (net 123 "Net-(U5-Pad16)"))
    (pad 17 thru_hole oval (at -1.27 -7.62 90) (size 1.7 1.7) (drill 1) (layers *.Cu *.Mask)
      (net 54 SPI_CS))
    (pad 18 thru_hole oval (at 1.27 -7.62 90) (size 1.7 1.7) (drill 1) (layers *.Cu *.Mask)
      (net 53 SPI_MOSI))
    (pad 19 thru_hole oval (at -1.27 -5.08 90) (size 1.7 1.7) (drill 1) (layers *.Cu *.Mask)
      (net 49 I2C2_SCL))
    (pad 20 thru_hole oval (at 1.27 -5.08 90) (size 1.7 1.7) (drill 1) (layers *.Cu *.Mask)
      (net 48 I2C2_SDA))
    (pad 21 thru_hole oval (at -1.27 -2.54 90) (size 1.7 1.7) (drill 1) (layers *.Cu *.Mask)
      (net 52 SPI_MISO))
    (pad 22 thru_hole oval (at 1.27 -2.54 90) (size 1.7 1.7) (drill 1) (layers *.Cu *.Mask)
      (net 55 SPI_CLK))
    (pad 23 thru_hole oval (at -1.27 0 90) (size 1.7 1.7) (drill 1) (layers *.Cu *.Mask)
      (net 124 "Net-(U5-Pad23)"))
    (pad 24 thru_hole oval (at 1.27 0 90) (size 1.7 1.7) (drill 1) (layers *.Cu *.Mask)
      (net 51 UART_TX))
    (pad 25 thru_hole oval (at -1.27 2.54 90) (size 1.7 1.7) (drill 1) (layers *.Cu *.Mask)
      (net 125 "Net-(U5-Pad25)"))
    (pad 26 thru_hole oval (at 1.27 2.54 90) (size 1.7 1.7) (drill 1) (layers *.Cu *.Mask)
      (net 50 UART_RX))
    (pad 27 thru_hole oval (at -1.27 5.08 90) (size 1.7 1.7) (drill 1) (layers *.Cu *.Mask)
      (net 126 "Net-(U5-Pad27)"))
    (pad 28 thru_hole oval (at 1.27 5.08 90) (size 1.7 1.7) (drill 1) (layers *.Cu *.Mask)
      (net 127 "Net-(U5-Pad28)"))
    (pad 29 thru_hole oval (at -1.27 7.62 90) (size 1.7 1.7) (drill 1) (layers *.Cu *.Mask)
      (net 128 "Net-(U5-Pad29)"))
    (pad 30 thru_hole oval (at 1.27 7.62 90) (size 1.7 1.7) (drill 1) (layers *.Cu *.Mask)
      (net 129 "Net-(U5-Pad30)"))
    (pad 31 thru_hole oval (at -1.27 10.16 90) (size 1.7 1.7) (drill 1) (layers *.Cu *.Mask)
      (net 130 "Net-(U5-Pad31)"))
    (pad 32 thru_hole oval (at 1.27 10.16 90) (size 1.7 1.7) (drill 1) (layers *.Cu *.Mask)
      (net 131 "Net-(U5-Pad32)"))
    (pad 33 thru_hole oval (at -1.27 12.7 90) (size 1.7 1.7) (drill 1) (layers *.Cu *.Mask)
      (net 132 "Net-(U5-Pad33)"))
    (pad 34 thru_hole oval (at 1.27 12.7 90) (size 1.7 1.7) (drill 1) (layers *.Cu *.Mask)
      (net 133 "Net-(U5-Pad34)"))
    (pad 35 thru_hole oval (at -1.27 15.24 90) (size 1.7 1.7) (drill 1) (layers *.Cu *.Mask)
      (net 134 "Net-(U5-Pad35)"))
    (pad 36 thru_hole oval (at 1.27 15.24 90) (size 1.7 1.7) (drill 1) (layers *.Cu *.Mask)
      (net 135 "Net-(U5-Pad36)"))
    (pad 37 thru_hole oval (at -1.27 17.78 90) (size 1.7 1.7) (drill 1) (layers *.Cu *.Mask)
      (net 136 "Net-(U5-Pad37)"))
    (pad 38 thru_hole oval (at 1.27 17.78 90) (size 1.7 1.7) (drill 1) (layers *.Cu *.Mask)
      (net 137 "Net-(U5-Pad38)"))
    (pad 39 thru_hole oval (at -1.27 20.32 90) (size 1.7 1.7) (drill 1) (layers *.Cu *.Mask)
      (net 138 "Net-(U5-Pad39)"))
    (pad 40 thru_hole oval (at 1.27 20.32 90) (size 1.7 1.7) (drill 1) (layers *.Cu *.Mask)
      (net 139 "Net-(U5-Pad40)"))
    (pad 41 thru_hole oval (at -1.27 22.86 90) (size 1.7 1.7) (drill 1) (layers *.Cu *.Mask)
      (net 37 Lan_HeartBeat))
    (pad 42 thru_hole oval (at 1.27 22.86 90) (size 1.7 1.7) (drill 1) (layers *.Cu *.Mask)
      (net 140 "Net-(U5-Pad42)"))
    (pad 43 thru_hole oval (at -1.27 25.4 90) (size 1.7 1.7) (drill 1) (layers *.Cu *.Mask)
      (net 2 GND))
    (pad 44 thru_hole oval (at 1.27 25.4 90) (size 1.7 1.7) (drill 1) (layers *.Cu *.Mask)
      (net 2 GND))
    (pad 45 thru_hole oval (at -1.27 27.94 90) (size 1.7 1.7) (drill 1) (layers *.Cu *.Mask)
      (net 2 GND))
    (pad 46 thru_hole oval (at 1.27 27.94 90) (size 1.7 1.7) (drill 1) (layers *.Cu *.Mask)
      (net 2 GND))
    (model ${KISYS3DMOD}/Connector_PinHeader_2.54mm.3dshapes/PinHeader_2x23_P2.54mm_Vertical.wrl
      (at (xyz 0 0 0))
      (scale (xyz 1 1 1))
      (rotate (xyz 0 0 0))
    )
  )

  (module Capacitor_SMD:C_0603_1608Metric_Pad1.08x0.95mm_HandSolder (layer Front) (tedit 5F68FEEF) (tstamp 60D7E546)
    (at -34.136999 11.339001)
    (descr "Capacitor SMD 0603 (1608 Metric), square (rectangular) end terminal, IPC_7351 nominal with elongated pad for handsoldering. (Body size source: IPC-SM-782 page 76, https://www.pcb-3d.com/wordpress/wp-content/uploads/ipc-sm-782a_amendment_1_and_2.pdf), generated with kicad-footprint-generator")
    (tags "capacitor handsolder")
    (path /606BF98B)
    (attr smd)
    (fp_text reference C1 (at 0 -1.43) (layer F.SilkS)
      (effects (font (size 1 1) (thickness 0.15)))
    )
    (fp_text value DNM_1uF (at 0 1.43) (layer F.Fab)
      (effects (font (size 1 1) (thickness 0.15)))
    )
    (fp_line (start 1.65 0.73) (end -1.65 0.73) (layer F.CrtYd) (width 0.05))
    (fp_line (start 1.65 -0.73) (end 1.65 0.73) (layer F.CrtYd) (width 0.05))
    (fp_line (start -1.65 -0.73) (end 1.65 -0.73) (layer F.CrtYd) (width 0.05))
    (fp_line (start -1.65 0.73) (end -1.65 -0.73) (layer F.CrtYd) (width 0.05))
    (fp_line (start -0.146267 0.51) (end 0.146267 0.51) (layer F.SilkS) (width 0.12))
    (fp_line (start -0.146267 -0.51) (end 0.146267 -0.51) (layer F.SilkS) (width 0.12))
    (fp_line (start 0.8 0.4) (end -0.8 0.4) (layer F.Fab) (width 0.1))
    (fp_line (start 0.8 -0.4) (end 0.8 0.4) (layer F.Fab) (width 0.1))
    (fp_line (start -0.8 -0.4) (end 0.8 -0.4) (layer F.Fab) (width 0.1))
    (fp_line (start -0.8 0.4) (end -0.8 -0.4) (layer F.Fab) (width 0.1))
    (fp_text user %R (at 0 0) (layer F.Fab)
      (effects (font (size 0.4 0.4) (thickness 0.06)))
    )
    (pad 1 smd roundrect (at -0.8625 0) (size 1.075 0.95) (layers Front F.Paste F.Mask) (roundrect_rratio 0.25)
      (net 1 Network_Connect))
    (pad 2 smd roundrect (at 0.8625 0) (size 1.075 0.95) (layers Front F.Paste F.Mask) (roundrect_rratio 0.25)
      (net 2 GND))
    (model ${KISYS3DMOD}/Capacitor_SMD.3dshapes/C_0603_1608Metric.wrl
      (at (xyz 0 0 0))
      (scale (xyz 1 1 1))
      (rotate (xyz 0 0 0))
    )
  )

  (module Capacitor_SMD:C_0603_1608Metric_Pad1.08x0.95mm_HandSolder (layer Front) (tedit 5F68FEEF) (tstamp 60D7E557)
    (at -45.056999 20.489001)
    (descr "Capacitor SMD 0603 (1608 Metric), square (rectangular) end terminal, IPC_7351 nominal with elongated pad for handsoldering. (Body size source: IPC-SM-782 page 76, https://www.pcb-3d.com/wordpress/wp-content/uploads/ipc-sm-782a_amendment_1_and_2.pdf), generated with kicad-footprint-generator")
    (tags "capacitor handsolder")
    (path /606D1A43)
    (attr smd)
    (fp_text reference C2 (at 0 -1.43) (layer F.SilkS)
      (effects (font (size 1 1) (thickness 0.15)))
    )
    (fp_text value DNM_1uF (at 0 1.43) (layer F.Fab)
      (effects (font (size 1 1) (thickness 0.15)))
    )
    (fp_text user %R (at 0 0) (layer F.Fab)
      (effects (font (size 0.4 0.4) (thickness 0.06)))
    )
    (fp_line (start -0.8 0.4) (end -0.8 -0.4) (layer F.Fab) (width 0.1))
    (fp_line (start -0.8 -0.4) (end 0.8 -0.4) (layer F.Fab) (width 0.1))
    (fp_line (start 0.8 -0.4) (end 0.8 0.4) (layer F.Fab) (width 0.1))
    (fp_line (start 0.8 0.4) (end -0.8 0.4) (layer F.Fab) (width 0.1))
    (fp_line (start -0.146267 -0.51) (end 0.146267 -0.51) (layer F.SilkS) (width 0.12))
    (fp_line (start -0.146267 0.51) (end 0.146267 0.51) (layer F.SilkS) (width 0.12))
    (fp_line (start -1.65 0.73) (end -1.65 -0.73) (layer F.CrtYd) (width 0.05))
    (fp_line (start -1.65 -0.73) (end 1.65 -0.73) (layer F.CrtYd) (width 0.05))
    (fp_line (start 1.65 -0.73) (end 1.65 0.73) (layer F.CrtYd) (width 0.05))
    (fp_line (start 1.65 0.73) (end -1.65 0.73) (layer F.CrtYd) (width 0.05))
    (pad 2 smd roundrect (at 0.8625 0) (size 1.075 0.95) (layers Front F.Paste F.Mask) (roundrect_rratio 0.25)
      (net 2 GND))
    (pad 1 smd roundrect (at -0.8625 0) (size 1.075 0.95) (layers Front F.Paste F.Mask) (roundrect_rratio 0.25)
      (net 3 ZigBee_Connect))
    (model ${KISYS3DMOD}/Capacitor_SMD.3dshapes/C_0603_1608Metric.wrl
      (at (xyz 0 0 0))
      (scale (xyz 1 1 1))
      (rotate (xyz 0 0 0))
    )
  )

  (module Capacitor_SMD:C_0603_1608Metric_Pad1.08x0.95mm_HandSolder (layer Front) (tedit 5F68FEEF) (tstamp 60D7E568)
    (at -33.726999 6.239001)
    (descr "Capacitor SMD 0603 (1608 Metric), square (rectangular) end terminal, IPC_7351 nominal with elongated pad for handsoldering. (Body size source: IPC-SM-782 page 76, https://www.pcb-3d.com/wordpress/wp-content/uploads/ipc-sm-782a_amendment_1_and_2.pdf), generated with kicad-footprint-generator")
    (tags "capacitor handsolder")
    (path /606D352D)
    (attr smd)
    (fp_text reference C3 (at 0 -1.43) (layer F.SilkS)
      (effects (font (size 1 1) (thickness 0.15)))
    )
    (fp_text value DNM_1uF (at 0 1.43) (layer F.Fab)
      (effects (font (size 1 1) (thickness 0.15)))
    )
    (fp_line (start 1.65 0.73) (end -1.65 0.73) (layer F.CrtYd) (width 0.05))
    (fp_line (start 1.65 -0.73) (end 1.65 0.73) (layer F.CrtYd) (width 0.05))
    (fp_line (start -1.65 -0.73) (end 1.65 -0.73) (layer F.CrtYd) (width 0.05))
    (fp_line (start -1.65 0.73) (end -1.65 -0.73) (layer F.CrtYd) (width 0.05))
    (fp_line (start -0.146267 0.51) (end 0.146267 0.51) (layer F.SilkS) (width 0.12))
    (fp_line (start -0.146267 -0.51) (end 0.146267 -0.51) (layer F.SilkS) (width 0.12))
    (fp_line (start 0.8 0.4) (end -0.8 0.4) (layer F.Fab) (width 0.1))
    (fp_line (start 0.8 -0.4) (end 0.8 0.4) (layer F.Fab) (width 0.1))
    (fp_line (start -0.8 -0.4) (end 0.8 -0.4) (layer F.Fab) (width 0.1))
    (fp_line (start -0.8 0.4) (end -0.8 -0.4) (layer F.Fab) (width 0.1))
    (fp_text user %R (at 0 0) (layer F.Fab)
      (effects (font (size 0.4 0.4) (thickness 0.06)))
    )
    (pad 1 smd roundrect (at -0.8625 0) (size 1.075 0.95) (layers Front F.Paste F.Mask) (roundrect_rratio 0.25)
      (net 4 Check_Error))
    (pad 2 smd roundrect (at 0.8625 0) (size 1.075 0.95) (layers Front F.Paste F.Mask) (roundrect_rratio 0.25)
      (net 2 GND))
    (model ${KISYS3DMOD}/Capacitor_SMD.3dshapes/C_0603_1608Metric.wrl
      (at (xyz 0 0 0))
      (scale (xyz 1 1 1))
      (rotate (xyz 0 0 0))
    )
  )

  (module Capacitor_SMD:C_0603_1608Metric_Pad1.08x0.95mm_HandSolder (layer Front) (tedit 5F68FEEF) (tstamp 60D7E579)
    (at 21.844 -7.874)
    (descr "Capacitor SMD 0603 (1608 Metric), square (rectangular) end terminal, IPC_7351 nominal with elongated pad for handsoldering. (Body size source: IPC-SM-782 page 76, https://www.pcb-3d.com/wordpress/wp-content/uploads/ipc-sm-782a_amendment_1_and_2.pdf), generated with kicad-footprint-generator")
    (tags "capacitor handsolder")
    (path /60A7633D)
    (attr smd)
    (fp_text reference C4 (at 2.794 0) (layer F.SilkS)
      (effects (font (size 1 1) (thickness 0.15)))
    )
    (fp_text value DNM_2.2uF (at 0 1.43) (layer F.Fab)
      (effects (font (size 1 1) (thickness 0.15)))
    )
    (fp_line (start 1.65 0.73) (end -1.65 0.73) (layer F.CrtYd) (width 0.05))
    (fp_line (start 1.65 -0.73) (end 1.65 0.73) (layer F.CrtYd) (width 0.05))
    (fp_line (start -1.65 -0.73) (end 1.65 -0.73) (layer F.CrtYd) (width 0.05))
    (fp_line (start -1.65 0.73) (end -1.65 -0.73) (layer F.CrtYd) (width 0.05))
    (fp_line (start -0.146267 0.51) (end 0.146267 0.51) (layer F.SilkS) (width 0.12))
    (fp_line (start -0.146267 -0.51) (end 0.146267 -0.51) (layer F.SilkS) (width 0.12))
    (fp_line (start 0.8 0.4) (end -0.8 0.4) (layer F.Fab) (width 0.1))
    (fp_line (start 0.8 -0.4) (end 0.8 0.4) (layer F.Fab) (width 0.1))
    (fp_line (start -0.8 -0.4) (end 0.8 -0.4) (layer F.Fab) (width 0.1))
    (fp_line (start -0.8 0.4) (end -0.8 -0.4) (layer F.Fab) (width 0.1))
    (fp_text user %R (at 0 0) (layer F.Fab)
      (effects (font (size 0.4 0.4) (thickness 0.06)))
    )
    (pad 1 smd roundrect (at -0.8625 0) (size 1.075 0.95) (layers Front F.Paste F.Mask) (roundrect_rratio 0.25)
      (net 5 /BeagleBone_Headers/BeagleBone_Reset))
    (pad 2 smd roundrect (at 0.8625 0) (size 1.075 0.95) (layers Front F.Paste F.Mask) (roundrect_rratio 0.25)
      (net 2 GND))
    (model ${KISYS3DMOD}/Capacitor_SMD.3dshapes/C_0603_1608Metric.wrl
      (at (xyz 0 0 0))
      (scale (xyz 1 1 1))
      (rotate (xyz 0 0 0))
    )
  )

  (module Capacitor_SMD:C_0603_1608Metric_Pad1.08x0.95mm_HandSolder (layer Front) (tedit 5F68FEEF) (tstamp 60D7E58A)
    (at 95.758 -27.94)
    (descr "Capacitor SMD 0603 (1608 Metric), square (rectangular) end terminal, IPC_7351 nominal with elongated pad for handsoldering. (Body size source: IPC-SM-782 page 76, https://www.pcb-3d.com/wordpress/wp-content/uploads/ipc-sm-782a_amendment_1_and_2.pdf), generated with kicad-footprint-generator")
    (tags "capacitor handsolder")
    (path /6077C3CD)
    (attr smd)
    (fp_text reference C5 (at 0 -1.43) (layer F.SilkS)
      (effects (font (size 1 1) (thickness 0.15)))
    )
    (fp_text value 0.1uF (at 0 1.43) (layer F.Fab)
      (effects (font (size 1 1) (thickness 0.15)))
    )
    (fp_line (start 1.65 0.73) (end -1.65 0.73) (layer F.CrtYd) (width 0.05))
    (fp_line (start 1.65 -0.73) (end 1.65 0.73) (layer F.CrtYd) (width 0.05))
    (fp_line (start -1.65 -0.73) (end 1.65 -0.73) (layer F.CrtYd) (width 0.05))
    (fp_line (start -1.65 0.73) (end -1.65 -0.73) (layer F.CrtYd) (width 0.05))
    (fp_line (start -0.146267 0.51) (end 0.146267 0.51) (layer F.SilkS) (width 0.12))
    (fp_line (start -0.146267 -0.51) (end 0.146267 -0.51) (layer F.SilkS) (width 0.12))
    (fp_line (start 0.8 0.4) (end -0.8 0.4) (layer F.Fab) (width 0.1))
    (fp_line (start 0.8 -0.4) (end 0.8 0.4) (layer F.Fab) (width 0.1))
    (fp_line (start -0.8 -0.4) (end 0.8 -0.4) (layer F.Fab) (width 0.1))
    (fp_line (start -0.8 0.4) (end -0.8 -0.4) (layer F.Fab) (width 0.1))
    (fp_text user %R (at 0 0) (layer F.Fab)
      (effects (font (size 0.4 0.4) (thickness 0.06)))
    )
    (pad 1 smd roundrect (at -0.8625 0) (size 1.075 0.95) (layers Front F.Paste F.Mask) (roundrect_rratio 0.25)
      (net 6 +3V3))
    (pad 2 smd roundrect (at 0.8625 0) (size 1.075 0.95) (layers Front F.Paste F.Mask) (roundrect_rratio 0.25)
      (net 2 GND))
    (model ${KISYS3DMOD}/Capacitor_SMD.3dshapes/C_0603_1608Metric.wrl
      (at (xyz 0 0 0))
      (scale (xyz 1 1 1))
      (rotate (xyz 0 0 0))
    )
  )

  (module Capacitor_SMD:C_0603_1608Metric_Pad1.08x0.95mm_HandSolder (layer Front) (tedit 5F68FEEF) (tstamp 60D7E59B)
    (at 85.598 -7.62)
    (descr "Capacitor SMD 0603 (1608 Metric), square (rectangular) end terminal, IPC_7351 nominal with elongated pad for handsoldering. (Body size source: IPC-SM-782 page 76, https://www.pcb-3d.com/wordpress/wp-content/uploads/ipc-sm-782a_amendment_1_and_2.pdf), generated with kicad-footprint-generator")
    (tags "capacitor handsolder")
    (path /6077B233)
    (attr smd)
    (fp_text reference C6 (at 0 -1.43) (layer F.SilkS)
      (effects (font (size 1 1) (thickness 0.15)))
    )
    (fp_text value 0.1uF (at 0 1.43) (layer F.Fab)
      (effects (font (size 1 1) (thickness 0.15)))
    )
    (fp_text user %R (at 0 0) (layer F.Fab)
      (effects (font (size 0.4 0.4) (thickness 0.06)))
    )
    (fp_line (start -0.8 0.4) (end -0.8 -0.4) (layer F.Fab) (width 0.1))
    (fp_line (start -0.8 -0.4) (end 0.8 -0.4) (layer F.Fab) (width 0.1))
    (fp_line (start 0.8 -0.4) (end 0.8 0.4) (layer F.Fab) (width 0.1))
    (fp_line (start 0.8 0.4) (end -0.8 0.4) (layer F.Fab) (width 0.1))
    (fp_line (start -0.146267 -0.51) (end 0.146267 -0.51) (layer F.SilkS) (width 0.12))
    (fp_line (start -0.146267 0.51) (end 0.146267 0.51) (layer F.SilkS) (width 0.12))
    (fp_line (start -1.65 0.73) (end -1.65 -0.73) (layer F.CrtYd) (width 0.05))
    (fp_line (start -1.65 -0.73) (end 1.65 -0.73) (layer F.CrtYd) (width 0.05))
    (fp_line (start 1.65 -0.73) (end 1.65 0.73) (layer F.CrtYd) (width 0.05))
    (fp_line (start 1.65 0.73) (end -1.65 0.73) (layer F.CrtYd) (width 0.05))
    (pad 2 smd roundrect (at 0.8625 0) (size 1.075 0.95) (layers Front F.Paste F.Mask) (roundrect_rratio 0.25)
      (net 2 GND))
    (pad 1 smd roundrect (at -0.8625 0) (size 1.075 0.95) (layers Front F.Paste F.Mask) (roundrect_rratio 0.25)
      (net 6 +3V3))
    (model ${KISYS3DMOD}/Capacitor_SMD.3dshapes/C_0603_1608Metric.wrl
      (at (xyz 0 0 0))
      (scale (xyz 1 1 1))
      (rotate (xyz 0 0 0))
    )
  )

  (module Capacitor_SMD:C_0603_1608Metric_Pad1.08x0.95mm_HandSolder (layer Front) (tedit 5F68FEEF) (tstamp 60D7E5AC)
    (at 52.832 -15.494 180)
    (descr "Capacitor SMD 0603 (1608 Metric), square (rectangular) end terminal, IPC_7351 nominal with elongated pad for handsoldering. (Body size source: IPC-SM-782 page 76, https://www.pcb-3d.com/wordpress/wp-content/uploads/ipc-sm-782a_amendment_1_and_2.pdf), generated with kicad-footprint-generator")
    (tags "capacitor handsolder")
    (path /60A4B344)
    (attr smd)
    (fp_text reference C7 (at 3.048 0) (layer F.SilkS)
      (effects (font (size 1 1) (thickness 0.15)))
    )
    (fp_text value 2.2uF (at 0 1.43) (layer F.Fab)
      (effects (font (size 1 1) (thickness 0.15)))
    )
    (fp_line (start 1.65 0.73) (end -1.65 0.73) (layer F.CrtYd) (width 0.05))
    (fp_line (start 1.65 -0.73) (end 1.65 0.73) (layer F.CrtYd) (width 0.05))
    (fp_line (start -1.65 -0.73) (end 1.65 -0.73) (layer F.CrtYd) (width 0.05))
    (fp_line (start -1.65 0.73) (end -1.65 -0.73) (layer F.CrtYd) (width 0.05))
    (fp_line (start -0.146267 0.51) (end 0.146267 0.51) (layer F.SilkS) (width 0.12))
    (fp_line (start -0.146267 -0.51) (end 0.146267 -0.51) (layer F.SilkS) (width 0.12))
    (fp_line (start 0.8 0.4) (end -0.8 0.4) (layer F.Fab) (width 0.1))
    (fp_line (start 0.8 -0.4) (end 0.8 0.4) (layer F.Fab) (width 0.1))
    (fp_line (start -0.8 -0.4) (end 0.8 -0.4) (layer F.Fab) (width 0.1))
    (fp_line (start -0.8 0.4) (end -0.8 -0.4) (layer F.Fab) (width 0.1))
